100,1,60.0,0.03139398049344795,0.0,50231,1574,48563,1407,167,167,0.0,0.0,0.997867803837953,-1,0.0
100,1,120.0,0.02364047280945619,0.0,50187,1182,48817,1053,129,129,0.0,0.0,0.9971509971509972,-1,0.0
100,1,200.0,0.06429977107514358,0.0,50098,3202,46596,2882,320,320,0.0,0.0,0.9968771686328938,-1,0.0
100,1,240.0,0.05803508630910516,0.0,50144,2888,46875,2593,295,293,0.0,0.0,0.996529116853066,-1,0.0
100,1,600.0,0.15928539562801639,0.0,50275,7855,41459,7045,810,808,0.0,0.0,0.9977288857345635,-1,0.0
100,1,1200.0,0.2143596110076557,0.0,50122,10360,37970,9307,1053,1051,0.0,0.0,0.997958525840765,-1,0.0
100,1,2400.0,0.4232389870185146,0.0,50247,19888,27102,17888,2000,1999,0.0,0.0,0.9991614490161002,-1,0.0
100,1,3600.0,0.4971237341149194,0.0,50080,22728,22991,20452,2276,2274,0.0,0.0,0.997946411108938,-1,0.0
100,1,5000.0,0.4528733005826574,0.0,50136,19820,23945,17746,2074,2070,0.0,0.0,0.9990983883692099,-1,0.0
100,2,60.0,0.022323444525160507,0.0,51046,1137,49796,932,205,204,0.0,0.0,0.9967811158798283,-1,0.0
100,2,120.0,0.04755100420735096,0.0,50543,2396,47992,1951,445,444,0.0,0.0,0.9938493080471553,-1,0.0
100,2,200.0,0.05226765502949147,0.0,50505,2623,47561,2192,431,429,0.0,0.0,0.9972627737226277,-1,0.0
100,2,240.0,0.07364448308567816,0.0,50992,3727,46881,3087,640,639,0.0,0.0,0.9974084872044056,-1,0.0
100,2,600.0,0.1571658615136876,0.0,50647,7808,41872,6401,1407,1405,0.0,0.0,0.9975003905639743,-1,0.0
100,2,1200.0,0.26713343480466767,0.0,51047,13163,36112,10909,2254,2251,0.0,0.0,0.997708314235952,-1,0.0
100,2,2400.0,0.4294212521731845,0.0,50746,20501,27240,17380,3121,3118,0.0,0.0,0.998216340621404,-1,0.0
100,2,3600.0,0.5478710738792563,0.0,50601,25310,20887,21781,3529,3529,0.0,0.0,0.9987603874936871,-1,0.0
100,2,5000.0,0.730372616984402,0.0,50944,33714,12446,29191,4523,4523,0.0,0.0,0.9989380288445069,-1,0.0
100,3,60.0,0.032937766811577174,0.0,51165,1682,49384,1258,424,419,0.0,0.0,0.9968203497615262,-1,0.0
100,3,120.0,0.04893359847155613,0.0,51463,2510,48784,1893,617,615,0.0,0.0,0.9947173798203909,-1,0.0
100,3,200.0,0.053130966761485404,0.0,51651,2727,48599,2068,659,657,0.0,0.0,0.995164410058027,-1,0.0
100,3,240.0,0.0617112717327603,0.0,51544,3159,48031,2416,743,742,0.0,0.0,0.9983443708609272,-1,0.0
100,3,600.0,0.14991178161489205,0.0,51366,7562,42881,5930,1632,1629,0.0,0.0,0.9981450252951096,-1,0.0
100,3,1200.0,0.2902174353160303,0.0,51111,14335,35059,10974,3361,3359,0.0,0.0,0.9983597594313832,-1,0.0
100,3,2400.0,0.4391833545787244,0.0,51654,21361,27277,17243,4118,4116,0.0,0.0,0.998144174447602,-1,0.0
100,3,3600.0,0.48481072487431787,0.0,51257,22566,23980,18433,4133,4128,0.0,0.0,0.9988607388922042,-1,0.0
100,3,5000.0,0.6751792212319961,0.0,51357,30986,14907,26325,4661,4660,0.0,0.0,0.9987844254510921,-1,0.0
100,4,60.0,0.0352035203520352,0.0,51910,1824,49989,1253,571,570,0.0,0.0,0.9960095770151636,-1,0.0
100,4,120.0,0.05162253176182458,0.0,52434,2698,49566,1937,761,759,0.0,0.0,0.9938048528652556,-1,0.0
100,4,200.0,0.06713151268642262,0.0,51929,3466,48164,2514,952,951,0.0,0.0,0.9976133651551312,-1,0.0
100,4,240.0,0.07996885341639089,0.0,51754,4108,47262,2866,1242,1239,0.0,0.0,0.9961618981158409,-1,0.0
100,4,600.0,0.13541768824902417,0.0,51984,6904,44079,5435,1469,1468,0.0,0.0,0.9981600735970562,-1,0.0
100,4,1200.0,0.26396501692729324,0.0,51366,13099,36525,10191,2908,2903,0.0,0.0,0.9983318614463742,-1,0.0
100,4,2400.0,0.44524486830526167,0.0,52050,21756,27107,17292,4464,4463,0.0,0.0,0.9987277353689568,-1,0.0
100,4,3600.0,0.5906843230105184,0.0,51729,28191,19535,23508,4683,4683,0.0,0.0,0.9991492257954738,-1,0.0
100,4,5000.0,0.6669803049419413,0.0,51975,31190,15573,26239,4951,4951,0.0,0.0,0.9992377758298716,-1,0.0
100,5,60.0,0.03523953796629426,0.0,52923,1861,50949,1212,649,647,0.0,0.0,0.9958745874587459,-1,0.0
100,5,120.0,0.05296695306071682,0.0,52472,2768,49491,1824,944,944,0.0,0.0,0.9994517543859649,-1,0.0
100,5,200.0,0.07107866496387931,0.0,52778,3729,48734,2512,1217,1214,0.0,0.0,0.9944267515923567,-1,0.0
100,5,240.0,0.08324334747396837,0.0,52238,4317,47543,2859,1458,1457,0.0,0.0,0.9979013641133263,-1,0.0
100,5,600.0,0.17471188545264058,0.0,52451,9005,42537,6538,2467,2464,0.0,0.0,0.9981645763230346,-1,0.0
100,5,1200.0,0.28033059158494145,0.0,52327,14178,36398,10385,3793,3790,0.0,0.0,0.9981704381319211,-1,0.0
100,5,2400.0,0.45603453492828755,0.0,52647,22607,26966,17964,4643,4641,0.0,0.0,0.9993319973279893,-1,0.0
100,5,3600.0,0.5576616327968015,0.0,52538,26920,21353,22233,4687,4686,0.0,0.0,0.9988305671749201,-1,0.0
100,5,5000.0,0.6050489126913857,0.0,52108,28018,18289,23168,4850,4850,0.0,0.0,0.9991367403314917,-1,0.0
100,10,60.0,0.05326925185482987,0.0,54816,2915,51807,1352,1563,1557,0.0,0.0,0.9970414201183432,-1,0.0
100,10,120.0,0.06313492500091686,0.0,54737,3443,51091,1750,1693,1688,0.0,0.0,0.9954285714285714,-1,0.0
100,10,200.0,0.08941034236412596,0.0,54924,4881,49710,2622,2259,2258,0.0,0.0,0.9988558352402745,-1,0.0
100,10,240.0,0.11214137667721173,0.0,55411,6168,48834,3335,2833,2829,0.0,0.0,0.9982008995502248,-1,0.0
100,10,600.0,0.20285794340151303,0.0,54501,10860,42675,6405,4455,4453,0.0,0.0,0.9978142076502732,-1,0.0
100,10,1200.0,0.31390024220405693,0.0,54619,16589,36259,12088,4501,4500,0.0,0.0,0.9987590999338186,-1,0.0
100,10,2400.0,0.4496239727089471,0.0,54887,23197,28395,17901,5296,5295,0.0,0.0,0.9986592927769399,-1,0.0
100,10,3600.0,0.556066194599499,0.0,54997,28192,22507,22731,5461,5461,0.0,0.0,0.9991641370815186,-1,0.0
100,10,5000.0,0.6655434892926012,0.0,54819,32788,16477,27402,5386,5386,0.0,0.0,0.99967155682067,-1,0.0
100,25,60.0,0.088202372957242,0.0,62639,5516,57022,1550,3966,3954,0.0,0.0,0.9954838709677419,-1,0.0
100,25,120.0,0.11654317010309279,0.0,62316,7235,54845,2231,5004,4997,0.0,0.0,0.9964141640519946,-1,0.0
100,25,200.0,0.13667334022216482,0.0,62308,8465,53471,3204,5261,5255,0.0,0.0,0.9968789013732834,-1,0.0
100,25,240.0,0.1465672990063234,0.0,62417,9086,52906,3690,5396,5394,0.0,0.0,0.9975609756097561,-1,0.0
100,25,600.0,0.22280847460387251,0.0,62455,13682,47725,7603,6079,6079,0.0,0.0,0.9981586215967382,-1,0.0
100,25,1200.0,0.3121835416770424,0.0,62234,18805,41432,12487,6318,6318,0.0,0.0,0.9981580844077841,-1,0.0
100,25,2400.0,0.45885866521864555,0.0,62402,27041,31890,20891,6150,6150,0.0,0.0,0.9989469149394476,-1,0.0
100,25,3600.0,0.570020169703714,0.0,62303,32783,24729,26533,6250,6250,0.0,0.0,0.9993215995175819,-1,0.0
100,25,5000.0,0.6702161757897361,0.0,62145,37638,18520,31446,6192,6192,0.0,0.0,0.9996183934363672,-1,0.0
100,35,60.0,0.10952126236961754,0.0,67378,7371,59931,1605,5766,5748,0.0,0.0,0.9956386292834891,-1,0.0
100,35,120.0,0.13009009543002786,0.0,67688,8779,58705,2414,6365,6363,0.0,0.0,0.9954432477216238,-1,0.0
100,35,200.0,0.15345955352856458,0.0,67037,10229,56427,3456,6773,6773,0.0,0.0,0.9968171296296297,-1,0.0
100,35,240.0,0.15817610531175078,0.0,67603,10622,56531,3917,6705,6705,0.0,0.0,0.9979576206280316,-1,0.0
100,35,600.0,0.22580061788862935,0.0,67506,14983,51372,8157,6826,6826,0.0,0.0,0.9990192472722815,-1,0.0
100,35,1200.0,0.3164900925106097,0.0,67613,20732,44774,13971,6761,6761,0.0,0.0,0.9980674253811467,-1,0.0
100,35,2400.0,0.4571176646565162,0.0,67288,29032,34479,22340,6692,6692,0.0,0.0,0.9987018800358102,-1,0.0
100,35,3600.0,0.5674134681978514,0.0,67204,35229,26858,28569,6660,6660,0.0,0.0,0.998984913717666,-1,0.0
100,35,5000.0,0.6711143166245943,0.0,67656,40942,20064,34062,6880,6880,0.0,0.0,0.9994128354177676,-1,0.0
100,50,60.0,0.11065480873078308,0.0,75098,8299,66700,1614,6685,6675,0.0,0.0,0.9962825278810409,-1,0.0
100,50,120.0,0.1283524648216696,0.0,75089,9605,65228,2533,7072,7067,0.0,0.0,0.9956573233320174,-1,0.0
100,50,200.0,0.148488005556446,0.0,75292,11117,63751,3550,7567,7562,0.0,0.0,0.9952112676056338,-1,0.0
100,50,240.0,0.15452890304961311,0.0,75227,11543,63155,4083,7460,7460,0.0,0.0,0.9980406563801126,-1,0.0
100,50,600.0,0.21558206210104944,0.0,75153,15941,58003,8508,7433,7432,0.0,0.0,0.997179125528914,-1,0.0
100,50,1200.0,0.3048857693366364,0.0,75012,22153,50507,14641,7512,7510,0.0,0.0,0.9979509596339048,-1,0.0
100,50,2400.0,0.43909111526903666,0.0,74887,30977,39571,23576,7401,7400,0.0,0.0,0.9985154394299287,-1,0.0
100,50,3600.0,0.5503367445115018,0.0,74388,37752,30846,30276,7476,7475,0.0,0.0,0.998976086669309,-1,0.0
100,50,5000.0,0.6525533290239173,0.0,75558,44418,23650,36876,7542,7538,0.0,0.0,0.999294934374661,-1,0.0
100,75,60.0,0.11349080405968513,0.0,87725,9941,77652,1769,8172,8158,0.0,0.0,0.9971735443753533,-1,0.0
100,75,120.0,0.12794968322468092,0.0,87415,11148,75980,2551,8597,8589,0.0,0.0,0.9964719717757742,-1,0.0
100,75,200.0,0.14281125603698477,0.0,87638,12449,74722,3692,8757,8749,0.0,0.0,0.9972914409534128,-1,0.0
100,75,240.0,0.15027463985905276,0.0,87421,13050,73791,4238,8812,8804,0.0,0.0,0.997168475696083,-1,0.0
100,75,600.0,0.2063523331672441,0.0,87703,17808,68491,9129,8679,8672,0.0,0.0,0.9974805564683974,-1,0.0
100,75,1200.0,0.2872179384076825,0.0,87443,24286,60270,15467,8819,8810,0.0,0.0,0.9982543479666387,-1,0.0
100,75,2400.0,0.4186815204749954,0.0,86695,34200,47485,25557,8643,8637,0.0,0.0,0.9983174864029425,-1,0.0
100,75,3600.0,0.524744707347447,0.0,87409,42137,38163,33528,8609,8605,0.0,0.0,0.9989262705798139,-1,0.0
100,75,5000.0,0.6220925056909948,0.0,87665,48917,29716,40268,8649,8646,0.0,0.0,0.9995529949339426,-1,0.0
100,100,60.0,0.11839506911615104,0.0,100429,11871,88395,1854,10017,10004,0.0,0.0,0.9956850053937433,-1,0.0
100,100,120.0,0.12663079012221495,0.0,99730,12589,86826,2593,9996,9980,0.0,0.0,0.9938295410721172,-1,0.0
100,100,200.0,0.13888776378144113,0.0,99287,13716,85040,3911,9805,9793,0.0,0.0,0.9956532856047047,-1,0.0
100,100,240.0,0.14396965865992414,0.0,99544,14235,84640,4404,9831,9826,0.0,0.0,0.9968210717529519,-1,0.0
100,100,600.0,0.1992675483214649,0.0,100032,19588,78712,9552,10036,10027,0.0,0.0,0.9974874371859297,-1,0.0
100,100,1200.0,0.27242965480087855,0.0,99685,26296,70228,16326,9970,9962,0.0,0.0,0.9985912042141369,-1,0.0
100,100,2400.0,0.40089415612688095,0.0,100220,37751,56416,27639,10112,10096,0.0,0.0,0.9982271428054561,-1,0.0
100,100,3600.0,0.5019111193387854,0.0,100018,46091,45740,36090,10001,9994,0.0,0.0,0.9982543640897755,-1,0.0
100,100,5000.0,0.5980284166138167,0.0,100523,53749,36128,43659,10090,10078,0.0,0.0,0.998740236835475,-1,0.0