nbFacilities, deadline, successRatio, storage score, total requests, success requests, fail requests, total files, fetch counter, total storage score
1,60.0,0.01782322047156107,0.0,17997,319,17579,186,0,0
2,60.0,0.02677435415168446,0.2773972602739726,18196,484,17593,292,81,81
3,60.0,0.0389631386074585,0.4166666666666667,18657,723,17833,480,200,200
4,60.0,0.04980532121998702,0.5727611940298507,18590,921,17571,536,307,307
5,60.0,0.06239649553929163,0.6692546583850931,18794,1168,17551,644,431,431
6,60.0,0.07227570068606073,0.7363636363636363,18904,1359,17444,770,567,567
7,60.0,0.09289188765102778,0.7271028037383177,19216,1776,17343,1070,778,778
8,60.0,0.10832946994282182,0.7901639344262295,19501,2103,17310,1220,964,964
9,60.0,0.12543751286802554,0.8064066852367688,19513,2437,16991,1436,1158,1158
10,60.0,0.1317984139166027,0.8435419440745673,19628,2576,16969,1502,1267,1267
11,60.0,0.14180666904968595,0.8581818181818182,19685,2777,16806,1650,1416,1416
12,60.0,0.17363522012578617,0.9056974459724951,19937,3451,16424,2036,1844,1844
13,60.0,0.176620393488465,0.8873957367933272,20097,3537,16489,2158,1915,1915
14,60.0,0.1716117489190398,0.9468190854870775,20204,3453,16668,2012,1905,1905
15,60.0,0.20626644343458503,0.9365264797507789,20987,4312,16593,2568,2405,2405
16,60.0,0.21743520700100977,0.9544776119402985,20890,4522,16275,2680,2558,2558
17,60.0,0.22304779253151816,0.9167837078651685,20932,4653,16208,2848,2611,2611
18,60.0,0.24856113424734452,1.0117416829745598,21446,5312,16059,3066,3102,3102
19,60.0,0.2534249777902464,0.9544906570223026,21453,5420,15967,3318,3167,3167
20,60.0,0.2731040979745643,0.9890300230946882,21303,5798,15432,3464,3426,3426
25,60.0,0.33396601191789893,1.029964221824687,22697,7566,15089,4472,4606,4606
40,60.0,0.21402096369216053,0.9644670050761421,25193,5370,19721,3152,3040,3040
50,60.0,0.2635716404627707,0.9683278993945039,27051,7108,19860,4294,4158,4158
100,60.0,0.5447950059051797,1.0754910333048677,35546,19374,16188,11710,12594,12594
30,60.0,0.40189736955584304,1.03584229390681,23209,9320,13870,5580,5780,5780
35,60.0,0.46512393971835625,1.0805379268661226,24293,11296,12990,6618,7151,7151
45,60.0,0.21976627969554854,1.0009096422073984,26087,5717,20297,3298,3301,3301
60,60.0,0.32867473230426925,0.9749128919860627,28823,9454,19310,5740,5596,5596
70,60.0,0.3210128247287077,1.0293199167244969,30499,9762,20648,5764,5933,5933
80,60.0,0.3816722946807522,1.0476586311997784,32350,12320,19959,7218,7562,7562
90,60.0,0.4421203942736447,1.0663576757856659,34104,15071,19017,8846,9433,9433
110,60.0,0.5913208842872613,1.1121052631578947,37866,22388,15473,13300,14791,14791
120,60.0,0.6711593027969194,1.1120973877758051,39488,26492,12980,15772,17540,17540
130,60.0,0.68324657798342,1.1199904863836365,41464,28352,13144,16818,18836,18836
140,60.0,0.7419520268537728,1.1214278182009914,42920,31829,11070,18966,21269,21269
150,60.0,0.7842704075996907,1.1153411764705883,45245,35500,9765,21250,23701,23701
1,120.0,0.019555192341369446,0.0,17317,335,16796,180,0,0
2,120.0,0.06258426966292135,0.2545731707317073,18014,1114,16686,656,167,167
3,120.0,0.07664013175953883,0.44794188861985473,18399,1396,16819,826,370,370
4,120.0,0.09304975313330802,0.5213592233009708,18647,1715,16716,1030,537,537
5,120.0,0.13407940314415134,0.6266666666666667,18940,2516,16249,1500,940,940
6,120.0,0.15733544805709754,0.6709641255605381,19073,2976,15939,1784,1197,1197
7,120.0,0.193792383933229,0.7520398912058024,19337,3715,15455,2206,1659,1659
8,120.0,0.21685286677908938,0.7888978930307942,19144,4115,14861,2468,1947,1947
9,120.0,0.234651833539349,0.8030634573304157,19586,4556,14860,2742,2202,2202
10,120.0,0.2651546180626664,0.815607300188798,19706,5179,14353,3178,2592,2592
11,120.0,0.29437468608739326,0.8585600907029478,20097,5861,14049,3528,3029,3029
12,120.0,0.28396302250803857,0.9386937769562539,20055,5652,14252,3246,3047,3047
13,120.0,0.33550634486190595,0.9180861723446894,20241,6742,13353,3992,3665,3665
14,120.0,0.34672179562906086,0.9144208037825059,20482,7044,13272,4230,3868,3868
15,120.0,0.3573443579766537,0.9174910071942446,20737,7347,13213,4448,4081,4081
16,120.0,0.39227907426197034,0.9982839982839983,20862,8119,12578,4662,4654,4654
17,120.0,0.4133871510258998,0.9708186447316882,20959,8603,12208,5106,4957,4957
18,120.0,0.4755701879950377,0.9616528925619835,21120,9967,10991,6050,5818,5818
19,120.0,0.44560450038138827,0.9718560741004632,21129,9347,11629,5614,5456,5456
20,120.0,0.5021236432279377,0.9822215229704216,21326,10640,10550,6356,6243,6243
25,120.0,0.5984036590287432,1.0355962369692346,22431,13345,8956,7866,8146,8146
40,120.0,0.413019302565732,0.9335653274280291,25358,10399,14779,6322,5902,5902
50,120.0,0.5159068792574294,0.9568032015065914,26926,13784,12934,8496,8129,8129
100,120.0,0.7558035962812448,1.0886293792255686,36100,27153,8773,16270,17712,17712
30,120.0,0.685599246123533,1.0453593128011733,23472,16006,7340,9546,9979,9979
35,120.0,0.7917490118577075,1.0529503374286209,24401,19230,5058,11558,12170,12170
45,120.0,0.35860766324878574,0.9244165170556553,26132,9303,16639,5570,5149,5149
60,120.0,0.48230535894843274,0.9903451605117065,28872,13833,14848,8286,8206,8206
70,120.0,0.614612565617881,1.002840404757678,30443,18616,11673,11266,11298,11298
80,120.0,0.7217101815603711,1.0361753440204284,32604,23413,9028,14098,14608,14608
90,120.0,0.7551345609065155,1.0363319566339702,34085,25590,8298,15496,16059,16059
110,120.0,0.8826797820018609,1.092755214050494,37726,33202,4413,20042,21901,21901
120,120.0,0.8705979941180907,1.109638087865299,39950,34635,5148,20668,22934,22934
130,120.0,0.897077694114229,1.1199564783751927,41438,37052,4251,22058,24704,24704
140,120.0,0.9385203195554012,1.123622503935703,43330,40530,2655,24138,27122,27122
150,120.0,0.9572148214485615,1.1214687061027002,44805,42754,1911,25628,28741,28741
1,200.0,0.0404568984920099,0.0,18115,719,17053,434,0,0
2,200.0,0.0690489589195273,0.25686813186813184,18121,1227,16543,728,187,187
3,200.0,0.1511795326171226,0.44110275689223055,18361,2730,15328,1596,704,704
4,200.0,0.20025085891912528,0.543633125556545,18640,3672,14665,2246,1221,1221
5,200.0,0.2034655330140451,0.6245551601423488,18872,3781,14802,2248,1404,1404
6,200.0,0.2493241051151725,0.7105855855855856,18788,4611,13883,2664,1893,1893
7,200.0,0.32432288900690387,0.7203389830508474,19135,6107,12723,3776,2720,2720
8,200.0,0.32919287488767907,0.7887246852764094,19194,6228,12691,3654,2882,2882
9,200.0,0.34812233433891604,0.775380088278568,19497,6693,12533,4078,3162,3162
10,200.0,0.3890985111156435,0.800593975392448,19893,7631,11981,4714,3774,3774
11,200.0,0.4325473130249975,0.8436538461538462,20037,8548,11214,5200,4387,4387
12,200.0,0.43709923664122136,0.8862122992557775,19920,8589,11061,5106,4525,4525
13,200.0,0.47090729783037477,0.9512595837897043,20534,9550,10730,5478,5211,5211
14,200.0,0.5356432690395705,0.9150215916101172,20354,10775,9341,6484,5933,5933
15,200.0,0.5506843880182504,0.9297346200241254,20427,11104,9060,6632,6166,6166
16,200.0,0.5410869249042517,0.9589813967673071,20876,11161,9466,6558,6289,6289
17,200.0,0.6184380224504419,0.9562919030428055,21148,12947,7988,7756,7417,7417
18,200.0,0.6089887640449438,0.9471555323590815,21151,12737,8178,7664,7259,7259
19,200.0,0.6708507010231148,1.0070217917675546,21355,14163,6949,8260,8318,8318
20,200.0,0.6672771672771672,0.9802880075542965,21532,14209,7085,8472,8305,8305
25,200.0,0.7972725240330875,1.02437641723356,22569,17831,4534,10584,10842,10842
40,200.0,0.6477084928856464,0.9515503875968992,25096,16069,8740,9804,9329,9329
50,200.0,0.6231000780408041,0.9506197127680504,27191,16767,10142,10166,9664,9664
100,200.0,0.922442799461642,1.07495,35912,32898,2766,20000,21499,21499
30,200.0,0.863877708315492,1.0389771598808342,23553,20175,3179,12084,12555,12555
35,200.0,0.9315502228888055,1.094208435207824,24183,22360,1643,13088,14321,14321
45,200.0,0.5744927536231884,0.9571012544802867,26126,14865,11010,8928,8545,8545
60,200.0,0.7397178130511464,1.0021486551010663,28633,20971,7379,12566,12593,12593
70,200.0,0.7845660227573432,1.0314228968648036,30490,23719,6513,14098,14541,14541
80,200.0,0.8730326265793313,1.0197723539075334,32434,28123,4090,17044,17381,17381
90,200.0,0.8996174490673468,1.0690561395660927,33987,30336,3385,17884,19119,19119
110,200.0,0.95012941270646,1.0772676888970996,37700,35608,1869,21652,23325,23325
120,200.0,0.9592893401015229,1.1103442173259004,39610,37796,1604,22602,25096,25096
130,200.0,0.9725336050856505,1.1211956066068585,41413,40082,1132,23854,26745,26745
140,200.0,0.9855089265012752,1.111879100281162,43284,42505,625,25608,28473,28473
150,200.0,0.9967128962536023,1.1127774445110978,44607,44270,146,26672,29680,29680
1,250.0,0.0772075302554908,0.0,18299,1378,16470,786,0,0
2,250.0,0.12198709969446644,0.24732824427480915,18075,2156,15518,1310,324,324
3,250.0,0.17145237434046098,0.43635382955771307,18393,3087,14918,1854,809,809
4,250.0,0.19468445805534287,0.5352316602316602,18619,3560,14726,2072,1109,1109
5,250.0,0.2588963660834455,0.6569052783803326,18927,4809,13766,2766,1817,1817
6,250.0,0.2746554119029811,0.6795891318754141,19100,5141,13577,3018,2051,2051
7,250.0,0.3170718759953286,0.7007042253521126,19189,5973,12865,3692,2587,2587
8,250.0,0.3034998945814885,0.788056206088993,19351,5758,13214,3416,2692,2692
9,250.0,0.427547522592708,0.8067143424711959,19599,8232,11022,5034,4061,4061
10,250.0,0.5001805333470882,0.8328151986183074,19699,9697,9690,5790,4822,4822
11,250.0,0.47520343927529557,0.8842525399129173,19826,9285,10254,5512,4874,4874
12,250.0,0.5998574555821412,0.8807713963963963,19971,11783,7860,7104,6257,6257
13,250.0,0.5618900617406891,0.8878850710900474,20390,11285,8799,6752,5995,5995
14,250.0,0.5565528742397489,0.894239162059936,20694,11347,9041,6874,6147,6147
15,250.0,0.6231862816942694,0.910843685300207,20773,12756,7713,7728,7039,7039
16,250.0,0.6459645383199303,0.9237835153922542,20961,13334,7308,8056,7442,7442
17,250.0,0.6733372285519524,0.9814496314496315,20833,13829,6709,8140,7989,7989
18,250.0,0.7123399357344972,0.9743560519717347,21086,14853,5998,8774,8549,8549
19,250.0,0.750833095306103,0.9640680815297331,21247,15772,5234,9518,9176,9176
20,250.0,0.7549917782475922,0.9670756646216769,21562,16070,5215,9780,9458,9458
25,250.0,0.832245955849495,1.0041822388325325,22632,18624,3754,11238,11285,11285
40,250.0,0.6582383665716999,0.9474853564936376,25604,16635,8637,9902,9382,9382
50,250.0,0.617657007554403,0.9202127659574468,26923,16434,10173,9964,9169,9169
100,250.0,0.9451388306350138,1.0930278296784344,35989,33801,1962,20338,22230,22230
30,250.0,0.9189653690813784,1.0524359379943056,23459,21388,1886,12644,13307,13307
35,250.0,0.9661173313205015,1.0494814174589455,24039,23039,808,13884,14571,14571
45,250.0,0.7361449571574562,0.9780976220275344,25701,18729,6713,11186,10941,10941
60,250.0,0.8147613175973225,0.993613662456946,28693,23127,5258,13936,13847,13847
70,250.0,0.8129663405737025,1.0014330558209363,30524,24515,5640,14654,14675,14675
80,250.0,0.9105342268428634,1.0187584497521407,32215,29077,2857,17752,18085,18085
90,250.0,0.9679250225572663,1.0501899620075985,34614,33255,1102,20004,21008,21008
110,250.0,0.963409815336793,1.0850293984622343,38181,36572,1389,22110,23990,23990
120,250.0,0.9854521492295215,1.089638227569262,39664,38882,574,23606,25722,25722
130,250.0,0.9847568352286474,1.1066644887291734,41531,40700,630,24488,27100,27100
140,250.0,0.9947955738934734,1.106967117081934,42853,42434,222,25606,28345,28345
150,250.0,1.0,1.1241137398313308,44935,44748,0,26798,30124,30124
1,500.0,0.07964703185881275,0.0,18243,1390,16062,822,0,0
2,500.0,0.19592760180995475,0.26893576222435284,18473,3464,14216,2086,561,561
3,500.0,0.34926263649667905,0.41958985429034,18473,6205,11561,3706,1555,1555
4,500.0,0.4306503974028882,0.536923076923077,18560,7694,10172,4550,2443,2443
5,500.0,0.39178690344062156,0.5839944003733084,18726,7060,10960,4286,2503,2503
6,500.0,0.4800461107756491,0.6760030280090841,18824,8745,9472,5284,3572,3572
7,500.0,0.6034519725557461,0.7291420118343195,19241,11258,7398,6760,4929,4929
8,500.0,0.5297748922356448,0.7584138620459847,19433,9955,8836,6002,4552,4552
9,500.0,0.6948374155405406,0.7934040940106141,19494,13163,5781,7914,6279,6279
10,500.0,0.7169174086582745,0.8128979014383401,20015,14010,5532,8482,6895,6895
11,500.0,0.7654517453798768,0.8474350433044637,19948,14911,4569,9006,7632,7632
12,500.0,0.7608729061011219,0.8677491601343785,20025,14853,4668,8930,7749,7749
13,500.0,0.7525027808676307,0.88164141985078,20275,14883,4895,8846,7799,7799
14,500.0,0.8737506837054348,0.8830962186447023,20560,17572,2539,10684,9435,9435
15,500.0,0.8210468757767063,0.9178403755868545,20545,16517,3600,9798,8993,8993
16,500.0,0.9053678513968114,0.9232416993930739,20915,18570,1941,11204,10344,10344
17,500.0,0.9079784158797456,0.9649687220732797,21116,18846,1910,11190,10798,10798
18,500.0,0.9032069970845481,0.9486240171551108,20969,18588,1992,11192,10617,10617
19,500.0,0.9264921664221138,0.9757189598760118,21487,19574,1553,11614,11332,11332
20,500.0,0.9423420879224325,0.9866779089376054,21592,20021,1225,11860,11702,11702
25,500.0,0.9802519118308592,1.011579754601227,22467,21791,439,13040,13191,13191
40,500.0,0.8844801810174149,0.933072053059994,25272,21890,2859,13268,12380,12380
50,500.0,0.9391920191904961,0.9972980462796176,26701,24666,1597,14434,14395,14395
100,500.0,0.9978874218207088,1.1020331678066149,36246,35899,76,21346,23524,23524
30,500.0,0.9839961625675911,1.0261718172408694,23158,22565,367,13526,13880,13880
35,500.0,1.0,1.0423265974877116,24393,24205,0,14648,15268,15268
45,500.0,0.9280561359246264,0.9883771296563673,25791,23542,1825,13852,13691,13691
60,500.0,0.9470152138013422,0.9901911468812877,28897,26953,1508,15904,15748,15748
70,500.0,0.9615713627689676,1.0318573893041978,30744,29226,1168,17390,17944,17944
80,500.0,0.9977337638147274,1.0536641062902221,32471,32139,73,19268,20302,20302
90,500.0,0.9977001326846529,1.0428795452317945,34204,33837,78,20406,21281,21281
110,500.0,0.9971249068256842,1.1085693861138415,37804,37456,108,22382,24812,24812
120,500.0,0.999949368370421,1.1114022483306567,39747,39499,2,23662,26298,26298
130,500.0,1.0,1.1222531977697605,41146,40928,0,24392,27374,27374
140,500.0,1.0,1.1007687038587413,43489,43306,0,26278,28926,28926
150,500.0,1.0,1.1398678414096917,44591,44391,0,26332,30015,30015
1,1000.0,0.13052196633651333,0.0,18022,2148,14309,1298,0,0
2,1000.0,0.36948274823869454,0.2534611288604899,17951,6136,10471,3756,952,952
3,1000.0,0.49012461791676465,0.42262861736334406,18174,8338,8674,4976,2103,2103
4,1000.0,0.5928174580445615,0.5220682989690721,18637,10350,7109,6208,3241,3241
5,1000.0,0.7276011560693642,0.6009554940910233,19056,13091,4901,7954,4780,4780
6,1000.0,0.6065925382401084,0.6173047473200612,18922,10747,6970,6530,4031,4031
7,1000.0,0.8158503026967528,0.7228545413157296,19135,14824,3346,8786,6351,6351
8,1000.0,0.7826016785022595,0.7227868112014454,19417,14547,4041,8856,6401,6401
9,1000.0,0.8046996827445286,0.7831338652482269,19542,14965,3632,9024,7067,7067
10,1000.0,0.8423901618667228,0.7856410256410257,19817,16029,2999,9750,7660,7660
11,1000.0,0.8678395860284606,0.8267677762458144,20166,16771,2554,10154,8395,8395
12,1000.0,0.7965691324953637,0.8375482211744535,20210,15463,3949,9332,7816,7816
13,1000.0,0.9446474150442921,0.8760654026787268,20497,18875,1106,11498,10073,10073
14,1000.0,0.9528989122842032,0.8644770959377701,20625,19098,944,11570,10002,10002
15,1000.0,0.9729008011077045,0.8875813720580872,20801,19674,548,11982,10635,10635
16,1000.0,0.9263627353815659,0.9020664076298128,20811,18694,1486,11324,10215,10215
17,1000.0,0.9691035683202786,0.9385026737967914,21198,20043,639,11968,11232,11232
18,1000.0,0.9895331288642227,0.9555864550956977,21068,20326,215,12226,11683,11683
19,1000.0,0.9812550549502831,0.9901815181518152,21587,20625,394,12120,12001,12001
20,1000.0,0.995013061030634,0.95929957406531,21435,20950,105,12678,12162,12162
25,1000.0,0.994262919636054,1.0076318573371619,22695,22183,128,13234,13335,13335
40,1000.0,0.9565948028526928,0.924873828406633,25104,23339,1059,13870,12828,12828
50,1000.0,0.9836121029881602,0.9560845213849287,27102,26169,436,15712,15022,15022
100,1000.0,1.0,1.084503788578821,36053,35778,0,21644,23473,23473
30,1000.0,0.999913528470751,1.0363176895306858,23392,23127,2,13850,14353,14353
35,1000.0,1.0,1.0597742789466351,24248,24051,0,14354,15212,15212
45,1000.0,0.9474743488555644,0.9044046130332083,26029,24009,1331,14394,13018,13018
60,1000.0,0.9937257666549172,0.9487613928487965,28897,28192,178,17116,16239,16239
70,1000.0,0.9983773759851646,1.000389841835598,30660,30149,49,17956,17963,17963
80,1000.0,0.9998128217126814,1.0324587079238972,32420,32049,6,19132,19753,19753
90,1000.0,1.0,1.0622237501227778,34299,34007,0,20362,21629,21629
110,1000.0,1.0,1.0802626939351199,37850,37554,0,22688,24509,24509
120,1000.0,1.0,1.0903280067283432,39546,39311,0,23780,25928,25928
130,1000.0,1.0,1.1418560291922375,41271,41039,0,24116,27537,27537
140,1000.0,1.0,1.1364137713700464,43100,42892,0,25386,28849,28849
150,1000.0,1.0,1.1207331552389432,45091,44897,0,26952,30206,30206