shape_id,shape_pt_lon,shape_pt_lat,shape_pt_sequence,shape_dist_traveled
133289,-122.394796,37.722868,1,0
133289,-122.393182,37.722037,2,170
133289,-122.391316,37.720975,3,372
133289,-122.389461,37.71993,4,573
133289,-122.390023,37.719297,5,659
133289,-122.388146,37.718243,6,862
133289,-122.386852,37.717511,7,1002
133289,-122.387918,37.716333,8,1163
133289,-122.388136,37.716298,9,1183
133289,-122.389143,37.716878,10,1293
133289,-122.389281,37.716967,11,1309
133289,-122.390208,37.717503,12,1410
133289,-122.391147,37.718039,13,1512
133289,-122.390573,37.71869,14,1600
133289,-122.390023,37.719297,15,1683
133289,-122.391878,37.72035,16,1884
133289,-122.393744,37.721413,17,2086
133289,-122.395461,37.722386,18,2272
133289,-122.395633,37.722431,19,2288
133289,-122.39663,37.720236,20,2548
133289,-122.397308,37.720595,21,2620
133289,-122.398242,37.721125,22,2721
133289,-122.398339,37.721148,23,2730
133289,-122.399019,37.721307,24,2792
133289,-122.399938,37.721522,25,2876
133289,-122.400786,37.72362,26,3121
133289,-122.402069,37.723924,27,3239
133289,-122.401623,37.722835,28,3366
133289,-122.401428,37.722371,29,3420
133289,-122.401131,37.721675,30,3502
133289,-122.401074,37.721541,31,3518
133289,-122.402059,37.721283,32,3609
133289,-122.403044,37.721024,33,3700
133289,-122.404018,37.720766,34,3790
133289,-122.405014,37.720516,35,3882
133289,-122.406045,37.72024,36,3978
133289,-122.407007,37.719991,37,4067
133289,-122.407981,37.719741,38,4157
133289,-122.408978,37.719474,39,4250
133289,-122.409963,37.719224,40,4341
133289,-122.410948,37.718957,41,4433
133289,-122.411681,37.718761,42,4501
133289,-122.414178,37.718128,43,4732
133289,-122.414453,37.718048,44,4758
133289,-122.41475,37.718003,45,4785
133289,-122.41514,37.718048,46,4820
133289,-122.418518,37.718772,47,5128
133289,-122.419251,37.718906,48,5194
133289,-122.419514,37.718941,49,5217
133289,-122.419732,37.71895,50,5236
133289,-122.420133,37.718941,51,5271
133289,-122.420522,37.718879,52,5306
133289,-122.4209,37.718763,53,5342
133289,-122.421187,37.718638,54,5371
133289,-122.421439,37.718487,55,5399
133289,-122.422481,37.717889,56,5512
133289,-122.423535,37.717202,57,5632
133289,-122.423775,37.717095,58,5656
133289,-122.424027,37.717042,59,5679
133289,-122.424268,37.717024,60,5700
133289,-122.424531,37.717069,61,5724
133289,-122.424657,37.717131,62,5737
133289,-122.424944,37.717265,63,5766
133289,-122.425184,37.717488,64,5799
133289,-122.425413,37.717881,65,5847
133289,-122.425608,37.718131,66,5880
133289,-122.425837,37.718282,67,5906
133289,-122.426398,37.718568,68,5965
133289,-122.427199,37.718943,69,6047
133289,-122.428001,37.719327,70,6130
133289,-122.428814,37.719711,71,6213
133289,-122.429604,37.720094,72,6295
133289,-122.430417,37.720478,73,6378
133289,-122.431207,37.720862,74,6460
133289,-122.432009,37.721237,75,6542
133289,-122.432811,37.721621,76,6625
133289,-122.433612,37.722004,77,6707
133289,-122.434414,37.722388,78,6790
133289,-122.435215,37.722763,79,6872
133289,-122.435983,37.723129,80,6951
133289,-122.436429,37.72378,81,7033
133289,-122.444779,37.722969,82,7774
133289,-122.451594,37.722996,83,8374
133289,-122.452018,37.723013,84,8411
133289,-122.452327,37.723085,85,8439
133289,-122.453106,37.723245,86,8510
133289,-122.454114,37.723459,87,8602
133289,-122.455133,37.723674,88,8695
133289,-122.456141,37.723888,89,8787
133289,-122.456141,37.721853,90,9014
133289,-122.456129,37.720033,91,9217
133289,-122.457148,37.720033,92,9307
133289,-122.458168,37.720033,93,9397
133289,-122.459187,37.720024,94,9487
133289,-122.460206,37.720024,95,9577
133289,-122.461226,37.720024,96,9667
133289,-122.462245,37.720015,97,9757
133289,-122.462657,37.720006,98,9793
133289,-122.463104,37.719997,99,9832
133289,-122.463551,37.71989,100,9873
133289,-122.463974,37.719765,101,9913
133289,-122.464455,37.719693,102,9956
133289,-122.465349,37.719684,103,10035
133289,-122.466253,37.719684,104,10115
133289,-122.467147,37.719675,105,10194
133289,-122.468051,37.719666,106,10274
133289,-122.468945,37.719666,107,10353
133289,-122.46985,37.719657,108,10433
133289,-122.470743,37.719648,109,10512
133289,-122.471648,37.719647,110,10592
133289,-122.472392,37.719665,111,10658
133289,-122.472313,37.721628,112,10877
133289,-122.472633,37.721574,113,10906
133289,-122.473664,37.721369,114,11000
133289,-122.474546,37.721199,115,11080
133289,-122.475004,37.721146,116,11121
133289,-122.47521,37.721056,117,11142
133289,-122.475187,37.721672,118,11211
133289,-122.474994,37.724929,119,11574
133289,-122.474903,37.726919,120,11796
133289,-122.475178,37.726928,121,11820
133289,-122.476037,37.726954,122,11896
133289,-122.477801,37.727007,123,12051
133289,-122.478064,37.727052,124,12075
133289,-122.478236,37.727114,125,12092
133289,-122.478419,37.727248,126,12114
133289,-122.478534,37.727418,127,12135
133289,-122.47858,37.727534,128,12149
133289,-122.47858,37.72765,129,12162
133289,-122.478592,37.728096,130,12212
133289,-122.478695,37.728212,131,12228
133289,-122.478821,37.728354,132,12247
133289,-122.478993,37.728435,133,12265
133289,-122.479279,37.728542,134,12293
133289,-122.479554,37.728559,135,12317
133289,-122.479783,37.728541,136,12337
133289,-122.479966,37.728488,137,12354
133289,-122.480092,37.728434,138,12367
133289,-122.480253,37.728336,139,12385
133289,-122.481478,37.727336,140,12540
133289,-122.481924,37.727113,141,12586
133289,-122.48386,37.727023,142,12757
133289,-122.483986,37.727425,143,12803
133289,-122.485327,37.72904,144,13018
133289,-122.485488,37.729191,145,13040
133289,-122.485591,37.729254,146,13051
133289,-122.485785,37.729361,147,13072
133289,-122.486542,37.729592,148,13143
133289,-122.48881,37.730314,149,13358
133289,-122.489177,37.730377,150,13391
133289,-122.489543,37.730341,151,13423
133289,-122.489921,37.730216,152,13459
133289,-122.490196,37.730037,153,13490
133289,-122.490539,37.729654,154,13542
133289,-122.491031,37.729172,155,13611
133289,-122.491478,37.728922,156,13659
133289,-122.491879,37.72885,157,13695
133289,-122.492211,37.728886,158,13725
133289,-122.492601,37.729055,159,13764
133289,-122.493231,37.729394,160,13831
133289,-122.49346,37.729599,161,13861
133289,-122.493575,37.729831,162,13889
133289,-122.493713,37.73191,163,14121
133289,-122.493645,37.732008,164,14133
133289,-122.493668,37.732383,165,14175
133289,-122.493714,37.733114,166,14256
133289,-122.493853,37.735033,167,14470
133289,-122.493968,37.736567,168,14641
133289,-122.494049,37.736639,169,14652
133289,-122.494176,37.738495,170,14859
133289,-122.494303,37.740359,171,15067
133289,-122.494442,37.742224,172,15275
133289,-122.494569,37.744098,173,15484
133289,-122.494696,37.745954,174,15691
133289,-122.494835,37.747818,175,15899
133289,-122.494962,37.749683,176,16107
133289,-122.495089,37.751548,177,16315
133289,-122.495216,37.753413,178,16523
133289,-122.495355,37.755278,179,16731
133289,-122.495482,37.757142,180,16939
133289,-122.495609,37.759007,181,17147
133289,-122.495748,37.760881,182,17356
133289,-122.495875,37.762737,183,17563
133289,-122.495738,37.762844,184,17580
133289,-122.495383,37.763397,185,17649
133289,-122.495464,37.764637,186,17787
133289,-122.494398,37.764691,187,17881
133289,-122.493321,37.764736,188,17976
133289,-122.492255,37.764781,189,18070
133289,-122.491178,37.764835,190,18165
133289,-122.490112,37.76488,191,18259
133289,-122.489035,37.764934,192,18354
133289,-122.487958,37.76497,193,18449
133289,-122.486892,37.765024,194,18543
133289,-122.485826,37.765069,195,18637
133289,-122.484749,37.765123,196,18732
133289,-122.483683,37.765159,197,18826
133289,-122.482606,37.765213,198,18921
133289,-122.481529,37.765266,199,19016
133289,-122.480463,37.765311,200,19110
133289,-122.479386,37.765356,201,19205
133289,-122.47832,37.765401,202,19299
133289,-122.4773,37.765455,203,19389
133289,-122.477358,37.766062,204,19457
133289,-122.477381,37.766204,205,19473
133289,-122.477415,37.766338,206,19488
133289,-122.477461,37.766436,207,19500
133289,-122.477553,37.766633,208,19523
133289,-122.47784,37.767034,209,19574
133289,-122.477943,37.767186,210,19593
133289,-122.478046,37.767373,211,19616
133289,-122.478161,37.767623,212,19646
133289,-122.478241,37.767908,213,19678
133289,-122.478299,37.768301,214,19722
133289,-122.478333,37.768631,215,19759
133289,-122.478356,37.768917,216,19791
133289,-122.478437,37.769256,217,19829
133289,-122.478528,37.769497,218,19857
133289,-122.478632,37.769711,219,19883
133289,-122.478884,37.770175,220,19939
133289,-122.479148,37.770647,221,19996
133289,-122.479377,37.771031,222,20043
133289,-122.479503,37.771263,223,20071
133289,-122.479618,37.771334,224,20084
133289,-122.479801,37.771468,225,20106
133289,-122.479904,37.771531,226,20117
133289,-122.480031,37.771593,227,20130
133289,-122.480271,37.771691,228,20154
133289,-122.480397,37.771727,229,20166
133289,-122.480512,37.771753,230,20177
133289,-122.480627,37.771771,231,20187
133289,-122.480753,37.771789,232,20198
133289,-122.481566,37.771869,233,20270
133289,-122.481784,37.771878,234,20289
133289,-122.481979,37.771896,235,20306
133289,-122.482426,37.77194,236,20346
133289,-122.482575,37.77194,237,20359
133289,-122.483549,37.771922,238,20445
133289,-122.483652,37.77194,239,20454
133289,-122.483824,37.771993,240,20470
133289,-122.483985,37.772092,241,20488
133289,-122.484088,37.772208,242,20504
133289,-122.484157,37.772332,243,20519
133289,-122.48418,37.772484,244,20536
133289,-122.484191,37.772564,245,20545
133289,-122.484318,37.774429,246,20753
133289,-122.484457,37.776294,247,20961
133289,-122.484584,37.778159,248,21169
133289,-122.484722,37.780086,249,21384
133289,-122.484596,37.780238,250,21404
133289,-122.484712,37.781897,251,21589
133289,-122.484874,37.782025,252,21609
133289,-122.484746,37.782174,253,21629
133289,-122.484873,37.783798,254,21810
133289,-122.485011,37.783882,255,21825
133289,-122.484896,37.784003,256,21842
133289,-122.485034,37.78568,257,22029
133289,-122.485148,37.785746,258,22041
133289,-122.485046,37.785859,259,22056
133289,-122.485173,37.787536,260,22243
133289,-122.485284,37.787612,261,22256
133289,-122.485093,37.787581,262,22273
133289,-122.484164,37.787608,263,22355
133289,-122.483167,37.787894,264,22448
133289,-122.482743,37.788179,265,22497
133289,-122.482331,37.788572,266,22554
133289,-122.481884,37.789393,267,22653
133289,-122.48154,37.790517,268,22782
133289,-122.480957,37.792275,269,22984
133289,-122.48101,37.792351,270,22994
133289,-122.481111,37.7922,271,23013
