1,60.0,0.018669193045028978,0.0,18042,335,17609,226,109,108,0.0,0.0
2,60.0,0.0024525547445255476,0.42857142857142855,17230,42,17083,28,14,14,0.0,0.0
3,60.0,0.0524184723134165,0.6056338028169014,18382,958,17318,674,284,284,0.0,0.0
4,60.0,0.07205661591250268,0.9380733944954128,18743,1344,17308,908,436,435,0.0,0.0
5,60.0,0.0768733153638814,0.9576470588235294,18640,1426,17124,1001,425,424,0.0,0.0
10,60.0,0.14544357272178637,1.5788863109048723,19961,2892,16992,2030,862,858,0.0,0.0
15,60.0,0.18531640586556442,1.7475642161204605,20387,3766,16556,2637,1129,1124,0.0,0.0
20,60.0,0.25515850684674546,1.8296703296703296,21392,5441,15883,3803,1638,1631,0.0,0.0
25,60.0,0.28427365615282096,1.856997455470738,22583,6399,16111,4434,1965,1955,0.0,0.0
40,60.0,0.4455374851249504,2.1147590361445783,25269,11232,13978,7912,3320,3308,0.0,0.0
45,60.0,0.47391640866873064,2.090264521407145,25899,12246,13594,8579,3667,3658,0.0,0.0
50,60.0,0.5514994446501296,2.0966740576496674,27065,14896,12114,10386,4510,4491,0.0,0.0
75,60.0,0.6705722157129738,2.165177871806927,31593,21176,10403,14795,6381,6362,0.0,0.0
100,60.0,0.744080548793981,2.246942850012478,36097,26900,9252,18886,8014,7982,0.0,0.0
125,60.0,0.8545794668570162,2.225550997042267,40592,34719,5908,24238,10481,10438,0.0,0.0
150,60.0,0.8768665850673195,2.2693711278961217,44881,39402,5533,27619,11783,11736,0.0,0.0
1,120.0,0.028111991788789415,0.0,17717,493,17044,346,147,144,0.0,0.0
2,120.0,0.029230090447827047,0.5179856115107914,18319,530,17602,391,139,139,0.0,0.0
3,120.0,0.06266879788348123,0.7089337175792507,18345,1137,17006,790,347,346,0.0,0.0
4,120.0,0.05795361527967258,0.9003115264797508,18520,1062,17263,741,321,320,0.0,0.0
5,120.0,0.1209485738980121,1.1904761904761905,18691,2239,16273,1546,693,689,0.0,0.0
10,120.0,0.2684985077698878,1.544394037589112,19588,5218,14216,3675,1543,1541,0.0,0.0
15,120.0,0.2975556869702346,1.8131370328425822,20438,6038,14254,4272,1766,1761,0.0,0.0
20,120.0,0.4116384338979887,1.913799768071125,21592,8821,12608,6234,2587,2584,0.0,0.0
25,120.0,0.46964031339031337,1.9364089775561097,22603,10550,11914,7342,3208,3200,0.0,0.0
40,120.0,0.6192231470471661,2.0014598540145987,25342,15623,9607,10828,4795,4790,0.0,0.0
45,120.0,0.5928067537874407,2.031402503713134,26038,15378,10563,10665,4713,4697,0.0,0.0
50,120.0,0.6610131832321138,2.103570760889886,27103,17850,9154,12501,5349,5337,0.0,0.0
75,120.0,0.7348337530683159,2.1772521535990657,31448,23051,8318,16202,6849,6826,0.0,0.0
100,120.0,0.8545429130556332,2.2413413963716327,35837,30567,5203,21472,9095,9065,0.0,0.0
125,120.0,0.9252552589494403,2.2580501690090733,40656,37607,3038,26365,11242,11204,0.0,0.0
150,120.0,0.9624177539868406,2.255322431348349,44814,43150,1685,30186,12964,12923,0.0,0.0
1,200.0,0.03434940855323021,0.0,17910,604,16980,446,158,157,0.0,0.0
2,200.0,0.06578366445916115,0.1844380403458213,18449,1192,16928,845,347,346,0.0,0.0
3,200.0,0.06612249370001096,0.6170212765957447,18588,1207,17047,831,376,376,0.0,0.0
4,200.0,0.15014569245148165,0.7929354445797807,18493,2731,15458,1910,821,820,0.0,0.0
5,200.0,0.20273765897822807,1.0967169476486247,18845,3762,14794,2635,1127,1122,0.0,0.0
10,200.0,0.3676271009499948,1.620122237893747,19424,7043,12115,4916,2127,2120,0.0,0.0
15,200.0,0.43910663669240546,1.6961426491994178,20713,8985,11477,6237,2748,2740,0.0,0.0
20,200.0,0.5022318282197059,1.8892679900744418,21548,10689,10594,7465,3224,3216,0.0,0.0
25,200.0,0.6147193946491307,1.936026936026936,22415,13648,8554,9490,4158,4149,0.0,0.0
40,200.0,0.7589374875174756,2.1504915102770332,25181,19000,6035,13405,5595,5584,0.0,0.0
45,200.0,0.6640229885057471,2.068614261003267,26258,17331,8769,12128,5203,5185,0.0,0.0
50,200.0,0.7987991306590047,2.062925427318106,27343,21685,5462,15074,6611,6596,0.0,0.0
75,200.0,0.9036334913112164,2.2185554903112155,31774,28600,3050,20085,8515,8499,0.0,0.0
100,200.0,0.9198146131725159,2.2784131890777948,35974,32945,2872,23240,9705,9685,0.0,0.0
125,200.0,0.9815270635829698,2.229551451187335,41073,40275,758,28147,12128,12104,0.0,0.0
150,200.0,0.9838312048861744,2.217194233912914,45035,44297,728,30839,13458,13433,0.0,0.0
1,500.0,0.08051740839933899,0.0,18357,1413,16136,1001,412,412,0.0,0.0
2,500.0,0.17076502732240437,0.48427672955974843,18364,3000,14568,2046,954,953,0.0,0.0
3,500.0,0.13683853843112892,0.39185393258426965,18472,2423,15284,1711,712,710,0.0,0.0
4,500.0,0.2088998763906057,1.0052447552447552,18613,3718,14080,2574,1144,1143,0.0,0.0
5,500.0,0.2937654490524581,0.9279112754158965,18933,5348,12857,3725,1623,1622,0.0,0.0
10,500.0,0.3928254399248081,1.4560869565217391,19754,7523,11628,5223,2300,2296,0.0,0.0
15,500.0,0.6559896223120292,1.718078381795196,20542,13148,6895,9193,3955,3948,0.0,0.0
20,500.0,0.7477989207611474,1.7870488322717621,21553,15798,5328,11088,4710,4701,0.0,0.0
25,500.0,0.7197011117186076,1.9025069637883008,22457,15796,6152,11129,4667,4660,0.0,0.0
40,500.0,0.8965089278565137,2.0232696897374702,25330,22393,2585,15689,6704,6688,0.0,0.0
45,500.0,0.9301291470110586,2.08766323978883,26144,24055,1807,16857,7198,7184,0.0,0.0
50,500.0,0.9719567077026072,2.1325331971399386,27056,26133,754,18301,7832,7822,0.0,0.0
75,500.0,0.9834151942335906,2.166612781549736,31567,30834,520,21555,9279,9269,0.0,0.0
100,500.0,0.9993555256668908,2.232171230956164,35836,35665,23,24966,10699,10693,0.0,0.0
125,500.0,0.9990876587350511,2.218954248366013,40615,40518,37,28278,12240,12214,0.0,0.0
150,500.0,0.9997997686215182,2.2499445225238555,44970,44939,9,31420,13519,13475,0.0,0.0
1,1000.0,0.26088815588540715,0.0,17834,4271,12100,2935,1336,1335,0.0,0.0
2,1000.0,0.2647494811740291,0.29923076923076924,18420,4465,12400,3165,1300,1300,0.0,0.0
3,1000.0,0.42601466428035334,0.8103677447939743,18584,7379,9942,5122,2257,2255,0.0,0.0
4,1000.0,0.3307932109456183,0.870475113122172,18742,5730,11592,3962,1768,1765,0.0,0.0
5,1000.0,0.5191503784883064,1.0607776519441299,18996,9190,8512,6541,2649,2647,0.0,0.0
10,1000.0,0.8010795364343547,1.4856762158560959,19710,15138,3759,10635,4503,4500,0.0,0.0
15,1000.0,0.9006018054162488,1.7311081942621414,20644,17958,1982,12625,5333,5327,0.0,0.0
20,1000.0,0.941645317392542,1.8247906197654942,21617,19848,1230,13878,5970,5969,0.0,0.0
25,1000.0,0.910658879357547,1.9301369863013698,22488,19958,1958,14118,5840,5831,0.0,0.0
40,1000.0,0.9883017345703913,1.9913770230830459,25364,24500,290,16962,7538,7533,0.0,0.0
45,1000.0,0.996506753609688,2.082706766917293,26036,25674,90,17960,7714,7709,0.0,0.0
50,1000.0,1.0,2.1113553113553114,27216,27034,0,18844,8190,8182,0.0,0.0
75,1000.0,0.9996804601374022,2.2098791831497917,31471,31285,10,21932,9353,9338,0.0,0.0
100,1000.0,1.0,2.211637772039838,35871,35772,0,24928,10844,10824,0.0,0.0
125,1000.0,0.9999259039715471,2.2461092715231787,40581,40485,3,28405,12080,12058,0.0,0.0
150,1000.0,1.0,2.272008355714712,44650,44631,0,31227,13404,13370,0.0,0.0