100,1,60.0,0.03606201244198677,0.0,50563,1826,48809,1508,318,159,0.0,0.0,0.9973474801061007,-1,0.0
100,1,120.0,0.05715930749682338,0.0,50287,2879,47489,2319,560,280,0.0,0.0,0.9948253557567918,-1,0.0
100,1,200.0,0.08075488259820057,0.0,50086,4048,46079,3307,741,371,0.0,0.0,0.9966737224070155,-1,0.0
100,1,240.0,0.09186920720792394,0.0,50226,4619,45659,3771,848,424,0.0,0.0,0.9962874569079819,-1,0.0
100,1,600.0,0.1949162655634671,0.0,50210,9800,40478,7976,1824,919,0.0,0.0,0.9949849548645938,-1,0.0
100,1,1200.0,0.3436034829202947,0.0,50801,17442,33320,14317,3125,1584,0.0,0.0,0.9963679541803451,-1,0.0
100,1,2400.0,0.55550690602237,0.0,50349,27912,22334,22951,4961,2543,0.0,0.0,0.9937693346695133,-1,0.0
100,1,3600.0,0.6978630510103944,0.0,50153,34845,15086,28675,6170,3222,0.0,0.0,0.9920836965998256,-1,0.0
100,1,5000.0,0.8112073643800374,0.0,50504,40360,9393,33527,6833,3627,0.0,0.0,0.9930205506010081,-1,0.0
100,2,60.0,0.037540996407933784,0.0,51035,1923,49301,1362,561,281,0.0,0.0,0.9926578560939795,-1,0.0
100,2,120.0,0.06025510603333594,0.0,50834,3080,48036,2118,962,482,0.0,0.0,0.997639282341832,-1,0.0
100,2,200.0,0.08726405877525499,0.0,50805,4466,46712,3089,1377,690,0.0,0.0,0.9964389770152153,-1,0.0
100,2,240.0,0.09810157645719222,0.0,50603,4997,45940,3512,1485,743,0.0,0.0,0.9977220956719818,-1,0.0
100,2,600.0,0.20706855883376513,0.0,51031,10710,41012,7573,3137,1541,0.0,0.0,0.9977551828865707,-1,0.0
100,2,1200.0,0.37077548190798976,0.0,50694,19254,32675,13969,5285,2523,0.0,0.0,0.9974228649151693,-1,0.0
100,2,2400.0,0.6201240628686684,0.0,50892,32590,19964,24481,8109,3656,0.0,0.0,0.998366079817001,-1,0.0
100,2,3600.0,0.7778363222370674,0.0,50773,41335,11806,31637,9698,4181,0.0,0.0,0.9960489300502576,-1,0.0
100,2,5000.0,0.8827250065111434,0.0,50722,47450,6304,36689,10761,4428,0.0,0.0,0.9991550600997574,-1,0.0
100,3,60.0,0.040853847344790216,0.0,51325,2111,49561,1236,875,438,0.0,0.0,0.9975728155339806,-1,0.0
100,3,120.0,0.06301824212271974,0.0,51406,3268,48590,1968,1300,650,0.0,0.0,0.9979674796747967,-1,0.0
100,3,200.0,0.08860367423582477,0.0,51078,4577,47080,2804,1773,883,0.0,0.0,0.9975035663338089,-1,0.0
100,3,240.0,0.10414528838893299,0.0,50963,5379,46270,3241,2138,1062,0.0,0.0,0.9956803455723542,-1,0.0
100,3,600.0,0.2144795521396717,0.0,51431,11302,41393,7106,4196,2018,0.0,0.0,0.9973262032085561,-1,0.0
100,3,1200.0,0.3813480209111277,0.0,51409,20425,33135,13763,6662,3000,0.0,0.0,0.9960037782460219,-1,0.0
100,3,2400.0,0.6475415802307385,0.0,51382,35585,19369,25255,10330,4137,0.0,0.0,0.9961195802811325,-1,0.0
100,3,3600.0,0.8039294869543843,0.0,51742,45787,11167,33194,12593,4647,0.0,0.0,1.0009037777911671,-1,0.0
100,3,5000.0,0.9184871654833424,0.0,52200,53816,4776,39527,14289,4851,0.0,0.0,1.0004300857641613,-1,0.0
100,4,60.0,0.04444486778937743,0.0,52041,2333,50159,1255,1078,539,0.0,0.0,0.9952191235059761,-1,0.0
100,4,120.0,0.06841826504747853,0.0,52234,3617,49249,1949,1668,834,0.0,0.0,0.9943560800410467,-1,0.0
100,4,200.0,0.0985640305783713,0.0,51852,5196,47521,2746,2450,1217,0.0,0.0,0.9985433357611071,-1,0.0
100,4,240.0,0.11560901685925365,0.0,51740,6103,46687,3266,2837,1405,0.0,0.0,0.9969381506429884,-1,0.0
100,4,600.0,0.2392371180013384,0.0,51899,12870,40926,7536,5334,2505,0.0,0.0,0.9980095541401274,-1,0.0
100,4,1200.0,0.4373207812584537,0.0,51989,24249,31200,15416,8833,3728,0.0,0.0,0.9977944992215879,-1,0.0
100,4,2400.0,0.7210428563989516,0.0,51575,41540,16071,28619,12921,4616,0.0,0.0,0.997519130647472,-1,0.0
100,4,3600.0,0.8757867118351351,0.0,51657,52739,7480,36508,16231,5098,0.0,0.0,1.0009313027281692,-1,0.0
100,4,5000.0,0.9522631629670083,0.0,52042,59286,2972,41599,17687,5004,0.0,0.0,1.001923123151999,-1,0.0
100,5,60.0,0.05211402405840074,0.0,52637,2777,50510,1276,1501,751,0.0,0.0,0.9960815047021944,-1,0.0
100,5,120.0,0.07603258810155362,0.0,51892,4013,48767,1886,2127,1064,0.0,0.0,0.9978791092258749,-1,0.0
100,5,200.0,0.09887005649717515,0.0,52438,5285,48169,2606,2679,1321,0.0,0.0,0.9980813507290868,-1,0.0
100,5,240.0,0.12320244393115268,0.0,52369,6614,47070,3302,3312,1610,0.0,0.0,0.9984857662023017,-1,0.0
100,5,600.0,0.2545016484909967,0.0,52710,14049,41153,7783,6266,2843,0.0,0.0,0.9971733264807915,-1,0.0
100,5,1200.0,0.46004911556393924,0.0,51598,25852,30342,15688,10164,4057,0.0,0.0,0.9966216216216216,-1,0.0
100,5,2400.0,0.7080358040832747,0.0,52524,42240,17418,27638,14602,4911,0.0,0.0,0.9989869020913236,-1,0.0
100,5,3600.0,0.8636568848758465,0.0,52372,53564,8456,36180,17384,5037,0.0,0.0,1.0011055831951354,-1,0.0
100,5,5000.0,0.964340827256498,0.0,52671,63741,2357,42805,20936,5238,0.0,0.0,1.0030837518981428,-1,0.0
100,10,60.0,0.04703340235887278,0.0,54847,2612,52923,1050,1562,775,0.0,0.0,0.9971428571428571,-1,0.0
100,10,120.0,0.07923094675921817,0.0,55195,4463,51866,1855,2608,1247,0.0,0.0,0.9951482479784367,-1,0.0
100,10,200.0,0.10396453812329767,0.0,54625,5840,50333,2398,3442,1588,0.0,0.0,0.9966638865721434,-1,0.0
100,10,240.0,0.12893103810959577,0.0,55110,7355,49691,3105,4250,1955,0.0,0.0,0.9974235104669887,-1,0.0
100,10,600.0,0.2721844306095099,0.0,55056,16045,42904,7596,8449,3607,0.0,0.0,0.99855186940495,-1,0.0
100,10,1200.0,0.41896748761945773,0.0,54868,25296,35081,13926,11370,4082,0.0,0.0,0.9992819187131984,-1,0.0
100,10,2400.0,0.7048528486113883,0.0,55068,45912,19225,28256,17656,5050,0.0,0.0,0.9982658550396376,-1,0.0
100,10,3600.0,0.8913721040460767,0.0,54928,62060,7563,39381,22679,5286,0.0,0.0,1.0016505421396105,-1,0.0
100,10,5000.0,0.9632082314697902,0.0,54651,71707,2739,44470,27237,5305,0.0,0.0,1.0052619743647402,-1,0.0
100,25,60.0,0.0887509074340083,0.0,62466,5746,58997,1236,4510,2126,0.0,0.0,0.9967637540453075,-1,0.0
100,25,120.0,0.1315741638390693,0.0,62461,8686,57330,2297,6389,2613,0.0,0.0,0.9991292990857641,-1,0.0
100,25,200.0,0.23226940139425015,0.0,62321,16126,53302,4229,11897,4447,0.0,0.0,0.9981082998344762,-1,0.0
100,25,240.0,0.20085615174551627,0.0,62147,13607,54138,3782,9825,3771,0.0,0.0,0.9952406134320465,-1,0.0
100,25,600.0,0.4047452520578899,0.0,62078,30092,44256,11394,18698,5415,0.0,0.0,0.9989468141126909,-1,0.0
100,25,1200.0,0.7095528033395604,0.0,62836,61531,25187,30191,31340,6025,0.0,0.0,0.9999668775462887,-1,0.0
100,25,2400.0,0.9357657702440721,0.0,62612,94124,6461,48281,45843,6238,0.0,0.0,1.0009527557424245,-1,0.0
100,25,3600.0,0.9793746571585299,0.0,62515,107124,2256,52643,54481,5975,0.0,0.0,1.0098018729935605,-1,0.0
100,25,5000.0,0.9981717184290783,0.0,62488,128301,235,55023,73278,6211,0.0,0.0,1.00310779128728,-1,0.0
100,35,60.0,0.0984919485388089,0.0,67482,6936,63486,1249,5687,2619,0.0,0.0,0.9975980784627703,-1,0.0
100,35,120.0,0.16887412673794588,0.0,67224,12304,60555,2821,9483,3623,0.0,0.0,0.9964551577454803,-1,0.0
100,35,200.0,0.22561659192825112,0.0,67288,16905,58023,4197,12708,4672,0.0,0.0,0.9983321420061949,-1,0.0
100,35,240.0,0.23952774813233724,0.0,67168,17955,57005,4835,13120,4855,0.0,0.0,0.9977249224405378,-1,0.0
100,35,600.0,0.4457738370781849,0.0,67684,37556,46693,13444,24112,6515,0.0,0.0,0.9985867301398393,-1,0.0
100,35,1200.0,0.7634133292571079,0.0,67462,79908,24764,34519,45389,6654,0.0,0.0,1.0062284538949564,-1,0.0
100,35,2400.0,0.9623794186773446,0.0,67736,121613,4754,54779,66834,6633,0.0,0.0,1.0059329305025648,-1,0.0
100,35,3600.0,0.995110294625468,0.0,67344,144086,708,58875,85211,6558,0.0,0.0,1.0067430997876858,-1,0.0
100,35,5000.0,0.9997934715262454,0.0,67290,183956,38,59704,124252,6674,0.0,0.0,1.0148063781321184,-1,0.0
100,50,60.0,0.13256775838154622,0.0,74987,10609,69418,1545,9064,3906,0.0,0.0,0.9954692556634305,-1,0.0
100,50,120.0,0.20372882576803486,0.0,74780,16970,66327,3082,13888,5110,0.0,0.0,0.9967553536664504,-1,0.0
100,50,200.0,0.2701435450796065,0.0,75150,23449,63353,4970,18479,6407,0.0,0.0,0.9983903420523139,-1,0.0
100,50,240.0,0.28919023107099934,0.0,75601,25506,62692,6290,19216,6074,0.0,0.0,0.9992050874403816,-1,0.0
100,50,600.0,0.5532296765524523,0.0,74896,57641,46549,20087,37554,7227,0.0,0.0,1.0006471847463534,-1,0.0
100,50,1200.0,0.7495643051725013,0.0,75044,88600,29602,36370,52230,7364,0.0,0.0,1.003491888919439,-1,0.0
100,50,2400.0,0.9838188850644051,0.0,75330,166350,2736,63976,102374,7418,0.0,0.0,1.0101913217456546,-1,0.0
100,50,3600.0,0.9979484398422191,0.0,75149,195060,401,66274,128786,7437,0.0,0.0,1.0070766816549477,-1,0.0
100,50,5000.0,0.9997398966089021,0.0,75378,215243,56,66864,148379,7614,0.0,0.0,1.007971404642259,-1,0.0
100,75,60.0,0.175195627872314,0.0,87886,16926,79686,2055,14871,6003,0.0,0.0,0.997080291970803,-1,0.0
100,75,120.0,0.2622184942796672,0.0,87490,26885,75644,4202,22683,7352,0.0,0.0,0.9988100904331271,-1,0.0
100,75,200.0,0.3222556207920143,0.0,87373,34414,72377,6540,27874,7941,0.0,0.0,0.999388379204893,-1,0.0
100,75,240.0,0.33622998356204864,0.0,87471,36409,71877,7346,29063,7634,0.0,0.0,0.9991832289681459,-1,0.0
100,75,600.0,0.6537666365163458,0.0,87446,91071,48231,29406,61665,8611,0.0,0.0,1.00255049989798,-1,0.0
100,75,1200.0,0.8555875127329379,0.0,87719,142789,24101,53376,89413,8605,0.0,0.0,1.0060326738609113,-1,0.0
100,75,2400.0,0.9924846683081369,0.0,87475,239031,1810,75705,163326,8780,0.0,0.0,1.0115580212667592,-1,0.0
100,75,3600.0,0.9996139509274671,0.0,87970,315900,122,78265,237635,8807,0.0,0.0,1.0218871781767074,-1,0.0
100,75,5000.0,0.9999620261668921,0.0,87473,342328,13,78054,264274,8759,0.0,0.0,1.0139134445383966,-1,0.0
100,100,60.0,0.21207001777864262,0.0,99872,23976,89081,2478,21498,8146,0.0,0.0,0.9955609362389023,-1,0.0
100,100,120.0,0.27791916418310286,0.0,99942,33198,86254,4718,28480,8598,0.0,0.0,0.9983043662568886,-1,0.0
100,100,200.0,0.3878438572202492,0.0,100142,51546,81358,8800,42746,9430,0.0,0.0,0.9997727272727273,-1,0.0
100,100,240.0,0.3717740060451058,0.0,99836,47970,81060,8863,39107,9198,0.0,0.0,1.000338485840009,-1,0.0
100,100,600.0,0.6841381720743287,0.0,99272,117446,54224,33775,83671,9999,0.0,0.0,1.0042635085122131,-1,0.0
100,100,1200.0,0.9218046604686925,0.0,100051,222991,18916,69766,153225,9867,0.0,0.0,1.0163833385889975,-1,0.0
100,100,2400.0,0.9961529697593831,0.0,99829,336623,1300,87397,249226,10042,0.0,0.0,1.014886094488369,-1,0.0
100,100,3600.0,0.9996658744911645,0.0,99645,424848,142,88690,336158,9986,0.0,0.0,1.0219190438606383,-1,0.0
100,100,5000.0,0.9999839306769404,0.0,99271,497835,8,88952,408883,9758,0.0,0.0,1.026171418293012,-1,0.0